RMSE between the original sample in Xtrn_nm and reconstructed one per value K [5,20,50,200]

[[[0.25614866]
  [0.15000682]
  [0.12761144]
  [0.06009258]]

 [[0.1980244 ]
  [0.14043966]
  [0.09507974]
  [0.03541976]]

 [[0.19870016]
  [0.14561728]
  [0.12340082]
  [0.07828281]]

 [[0.14565798]
  [0.10725657]
  [0.08342968]
  [0.05604424]]

 [[0.1182087 ]
  [0.10262621]
  [0.08794267]
  [0.04637152]]

 [[0.18112976]
  [0.1586612 ]
  [0.14277478]
  [0.09011229]]

 [[0.12947928]
  [0.09583237]
  [0.07227577]
  [0.04581635]]

 [[0.16562538]
  [0.12782401]
  [0.10661942]
  [0.06217125]]

 [[0.22339659]
  [0.14496876]
  [0.12362768]
  [0.09217217]]

 [[0.18351042]
  [0.15108848]
  [0.12193132]
  [0.07279154]]]